Also see src/Sudoku/PrettyPrint.hs for solution formats using special characters (UTF-8).

Printing multiple solutions next to one another:

*Main Sudoku PrettySudoku> putStr (showSolns (take 4 solutions))
Solution #1:            Solution #2:	        Solution #3:	        Solution #4:	    
1 2 3 |4 5 6 |7 8 9     1 2 3 |4 5 6 |7 8 9     1 2 3 |4 5 6 |7 8 9     1 2 3 |4 5 6 |7 8 9 
4 5 6 |7 8 9 |1 2 3     4 5 6 |7 8 9 |1 2 3 	4 5 6 |7 8 9 |1 2 3     4 5 6 |7 8 9 |1 2 3 
7 8 9 |1 2 3 |4 5 6     7 8 9 |1 2 3 |4 5 6 	7 8 9 |1 2 3 |4 5 6     7 8 9 |1 2 3 |4 5 6 
------+------+-----     ------+------+------	------+------+------    ------+------+------
2 3 1 |6 7 4 |8 9 5     2 3 1 |6 7 4 |8 9 5 	2 3 1 |6 7 4 |8 9 5     2 3 1 |6 7 4 |8 9 5 
8 7 5 |9 1 2 |3 6 4     8 7 5 |9 1 2 |3 6 4 	8 7 5 |9 1 2 |3 6 4     8 7 5 |9 1 2 |3 6 4 
6 9 4 |5 3 8 |2 1 7     6 9 4 |5 3 8 |2 1 7 	6 9 4 |5 3 8 |2 1 7     6 9 4 |5 3 8 |2 1 7 
------+------+-----     ------+------+------	------+------+------    ------+------+------
3 6 7 |2 9 1 |5 4 8     3 6 7 |2 9 1 |5 4 8 	3 1 7 |2 6 5 |9 4 8     3 1 7 |2 6 5 |9 4 8 
5 4 2 |8 6 7 |9 3 1     9 1 8 |3 4 5 |6 7 2 	5 4 2 |8 9 7 |6 3 1     5 4 8 |3 9 1 |6 7 2 
9 1 8 |3 4 5 |6 7 2     5 4 2 |8 6 7 |9 3 1	9 6 8 |3 4 1 |5 7 2     9 6 2 |8 4 7 |5 3 1 

